??? from here until ???END lines may have been inserted/deleted
10377 53846253
10378 53856631
10379 53867010
10380 53877390
10381 53887771
10382 53898153
10383 53908536
10384 53918920
10385 53929305
10386 53939691
10387 53950078
10388 53960466
10389 53970855
10390 53981245
10391 53991636
10392 54002028
10393 54012421
10394 54022815
10395 54033210
10396 54043606
10397 54054003
10398 54064401
10399 54074800
10400 54085200
10401 54095601
10402 54106003
10403 54116406
10404 54126810
10405 54137215
10406 54147621
10407 54158028
10408 54168436
10409 54178845
10410 54189255
10411 54199666
10412 54210078
10413 54220491
10414 54230905
10415 54241320
10416 54251736
10417 54262153
10418 54272571
10419 54282990
10420 54293410
10421 54303831
10422 54314253
10423 54324676
10424 54335100
10425 54345525
10426 54355951
10427 54366378
10428 54376806
10429 54387235
10430 54397665
10431 54408096
10432 54418528
10433 54428961
10434 54439395
10435 54449830
10436 54460266
10437 54470703
10438 54481141
10439 54491580
10440 54502020
10441 54512461
10442 54522903
10443 54533346
10444 54543790
10445 54554235
10446 54564681
10447 54575128
10448 54585576
10449 54596025
10450 54606475
10451 54616926
10452 54627378
10453 54637831
10454 54648285
10455 54658740
10456 54669196
10457 54679653
10458 54690111
10459 54700570
10460 54711030
10461 54721491
10462 54731953
10463 54742416
10464 54752880
10465 54763345
10466 54773811
10467 54784278
10468 54794746
10469 54805215
10470 54815685
10471 54826156
10472 54836628
10473 54847101
10474 54857575
10475 54868050
10476 54878526
10477 54889003
10478 54899481
10479 54909960
10480 54920440
10481 54930921
10482 54941403
10483 54951886
10484 54962370
10485 54972855
10486 54983341
10487 54993828
10488 55004316
10489 55014805
10490 55025295
10491 55035786
10492 55046278
10493 55056771
10494 55067265
10495 55077760
10496 55088256
10497 55098753
10498 55109251
10499 55119750
10500 55130250
10501 55140751
10502 55151253
10503 55161756
10504 55172260
10505 55182765
10506 55193271
10507 55203778
10508 55214286
10509 55224795
10510 55235305
10511 55245816
10512 55256328
10513 55266841
10514 55277355
10515 55287870
10516 55298386
10517 55308903
10518 55319421
10519 55329940
10520 55340460
10521 55350981
10522 55361503
10523 55372026
10524 55382550
10525 55393075
10526 55403601
10527 55414128
10528 55424656
10529 55435185
10530 55445715
10531 55456246
10532 55466778
10533 55477311
10534 55487845
10535 55498380
10536 55508916
10537 55519453
10538 55529991
10539 55540530
10540 55551070
10541 55561611
10542 55572153
10543 55582696
10544 55593240
10545 55603785
10546 55614331
10547 55624878
10548 55635426
10549 55645975
10550 55656525
10551 55667076
10552 55677628
10553 55688181
10554 55698735
10555 55709290
10556 55719846
10557 55730403
10558 55740961
10559 55751520
10560 55762080
10561 55772641
10562 55783203
10563 55793766
10564 55804330
10565 55814895
10566 55825461
10567 55836028
10568 55846596
10569 55857165
10570 55867735
10571 55878306
10572 55888878
10573 55899451
10574 55910025
10575 55920600
10576 55931176
10577 55941753
10578 55952331
10579 55962910
10580 55973490
10581 55984071
10582 55994653
10583 56005236
10584 56015820
10585 56026405
10586 56036991
10587 56047578
10588 56058166
10589 56068755
10590 56079345
???END
